A 1019 1052 900 576 1 2
A 91 407 1045 54 10 2
A 1901 953 1512 150 6 1
A 1423 7 184 688 6 15
A 1446 550 1818 94 2 4
A 1165 100 8 745 7 8
A 1168 47 1096 525 3 17
A 1787 1043 810 772 7 7
A 85 689 1594 982 8 11
A 169 55 1282 547 2 3
A 1663 819 1663 352 7 0
A 1752 676 1299 560 2 1
A 57 1061 1117 739 6 3
A 526 1070 352 193 5 1
A 564 653 1049 406 2 10
A 1721 584 209 25 9 18
A 1877 881 1354 296 4 16
A 1450 651 1689 399 1 14
A 542 117 256 766 1 13
A 679 26 1026 1008 6 19
A 1711 946 1716 112 2 4
A 70 800 1357 1065 10 11
A 133 499 442 142 9 4
A 1728 712 1333 776 1 15
A 429 949 1542 376 9 7
A 907 1029 1713 223 2 17
A 468 852 477 17 10 6
A 1608 602 857 602 7 7
A 1459 784 171 32 1 1
A 108 190 191 922 9 1
A 1201 265 42 26 10 3
A 63 709 1547 893 7 16
A 1251 287 90 781 2 6
A 1328 300 170 900 4 3
A 1341 913 105 84 8 3
A 1625 988 320 227 5 9
A 1403 110 1270 62 4 17
A 1591 86 1676 481 8 17
A 820 156 1058 150 9 3
A 1745 341 1448 290 7 15
A 585 723 303 786 4 9
A 1595 786 1899 226 9 14
A 655 511 1413 651 4 0
A 1880 493 1708 898 6 8
A 361 693 1530 249 4 8
A 996 849 1111 931 8 14
A 1281 822 912 652 1 13
A 1139 727 1544 32 1 17
A 1592 731 142 773 2 10
A 1241 1015 983 731 7 18
A 1359 1053 1839 63 5 6
A 1629 137 801 262 1 13
A 95 9 1473 679 4 3
A 1049 905 1406 463 1 8
A 753 872 1523 408 6 19
A 1639 907 344 238 3 9
A 97 431 1738 770 4 8
A 683 908 9 476 1 2
A 1632 949 100 158 3 10
A 1378 1078 1434 141 7 2
A 1353 845 929 17 7 3
A 1138 445 34 117 6 8
A 237 1050 188 247 8 0
A 1361 631 669 141 2 14
A 1544 240 984 930 2 10
A 472 166 1148 73 7 16
A 1836 954 21 1031 4 16
A 1871 93 1086 11 3 5
A 1772 853 588 633 8 10
A 779 131 1370 323 4 3
A 986 686 830 206 2 6
A 622 788 32 1003 2 8
A 791 74 221 789 6 13
A 1707 49 326 375 6 13
A 665 6 116 715 1 2
A 1499 828 1608 761 5 19
A 207 568 19 831 4 10
A 1079 554 1784 700 6 2
A 893 762 1071 732 9 18
A 1437 483 1265 114 2 7
A 68 42 735 356 4 9
A 1507 42 1857 1047 4 0
A 1429 745 1326 454 6 1
A 748 771 904 851 4 14
A 550 780 1429 975 7 0
A 1362 594 254 49 3 17
A 138 642 1091 427 10 17
A 119 590 1262 597 7 19
A 1578 824 1782 914 7 5
A 308 426 1058 50 4 16
A 870 227 723 645 7 5
A 734 886 1347 618 6 8
A 415 584 1819 349 4 15
A 640 591 912 863 9 8
A 308 358 846 998 9 11
A 1135 311 178 58 9 6
A 1115 834 724 175 3 9
A 1283 59 1165 814 9 18
A 1022 321 1841 254 5 19
A 1514 644 1050 440 4 18
A 143 370 689 921 9 17
A 639 455 1752 523 1 16
A 264 714 1216 829 1 16
A 159 262 737 200 9 1
A 1372 342 166 142 5 1
A 1000 77 1211 722 1 11
A 1391 661 286 735 5 9
A 452 488 415 460 10 15
A 148 148 990 766 2 18
A 159 33 33 317 8 19
A 190 799 1229 81 2 19
A 1464 753 1801 63 1 17
A 372 12 1778 547 5 7
A 82 733 1068 592 2 1
A 1723 330 1666 428 1 13
A 1227 470 1672 1016 5 6
A 1668 88 1051 101 2 11
A 1030 523 496 1008 1 0
A 248 545 1445 948 10 16
A 1869 1052 379 535 3 19
A 928 660 1721 72 9 5
A 258 208 1634 349 10 5
A 833 620 741 129 1 11
A 241 1028 1748 599 7 18
A 535 965 562 426 3 15
A 717 980 1487 39 6 7
A 1464 463 236 698 6 17
A 1156 198 557 809 10 10
A 92 672 1758 41 2 7
A 279 1079 1564 833 6 17
A 1060 423 1509 747 3 14
A 1487 478 1698 643 10 15
A 580 397 1373 290 7 12
A 60 818 684 370 10 8
A 1329 770 1587 846 5 12
A 63 984 1347 484 5 1
A 39 1051 360 49 7 1
A 1704 578 1918 669 9 4
A 913 800 582 269 4 14
A 417 332 1124 76 9 0
A 1129 273 337 308 9 13
A 550 909 1304 902 1 2
A 383 486 1640 21 6 1
A 497 980 541 839 10 16
A 1665 459 1909 30 6 19
A 1070 1056 345 559 6 3
A 332 227 1644 188 10 14
A 770 544 1760 363 8 7
A 1424 934 407 877 6 16
A 1374 783 1147 395 4 3
A 346 75 1299 331 6 16
A 1666 367 1683 190 7 4
A 1344 118 340 816 2 17
A 1683 817 383 50 6 1
A 1699 661 524 446 7 9
A 1521 202 1044 421 5 11
A 1157 32 1559 553 4 7
A 717 599 305 938 7 19
A 147 1051 1716 771 5 11
A 984 505 1664 548 4 0
A 669 665 1835 33 9 1
A 1697 187 1433 616 1 16
A 1755 18 808 252 9 4
A 311 495 1227 708 9 1
A 1111 1034 1146 16 5 10
A 448 563 1787 603 10 5
A 1036 6 892 1030 5 13
A 38 689 1283 606 2 3
A 190 165 430 810 6 9
A 731 288 1643 70 5 18
A 1432 745 1253 939 1 2
A 76 337 768 128 8 2
A 673 805 263 388 3 5
A 1651 514 1722 762 7 7
A 1603 8 595 958 9 12
A 328 790 309 982 2 9
A 784 357 186 225 8 5
A 1127 543 63 1023 2 7
A 180 295 1861 702 10 18
A 521 244 1018 268 3 8
A 192 1043 1870 861 6 11
A 231 41 940 529 9 17
A 1355 778 520 218 2 4
A 1325 421 1859 658 4 0
A 228 924 504 878 5 18
A 1846 537 1301 356 9 18
A 219 421 232 431 2 10
A 1489 266 1748 681 7 9
A 197 241 1210 8 2 5
A 1348 160 1081 524 9 6
A 543 605 1723 644 4 13
A 1195 445 1615 347 7 6
A 1917 197 1624 1018 2 0
A 127 228 1133 10 8 4
A 1007 497 504 281 3 3
A 1347 5 220 542 2 5
A 1487 276 1242 702 4 11
A 140 493 20 444 2 11
A 1584 310 152 197 1 1
A 542 120 1718 918 2 0
A 1253 660 817 625 3 19
A 943 649 1375 145 5 11
A 88 404 1884 829 10 15
A 32 625 1785 536 6 18
A 317 29 1018 828 8 19
A 1048 993 511 658 9 13
A 317 161 914 604 10 10
A 1275 619 1215 639 9 16
A 1026 513 753 412 10 0
A 1662 519 1709 640 8 9
A 1811 467 154 522 6 12
A 1267 962 1566 493 8 17
A 104 554 316 831 7 17
A 1447 292 942 272 7 3
A 153 438 1902 1014 1 9
A 55 713 109 1049 8 14
A 1622 686 1237 540 1 16
A 949 676 942 657 8 8
A 1814 666 1333 948 1 9
A 52 603 180 746 9 10
A 516 225 1716 137 6 3
A 51 369 990 200 10 2
A 1548 890 1518 211 8 17
A 1259 242 1755 912 3 5
A 1494 274 1849 594 2 19
A 1716 689 1524 192 7 19
A 1208 629 1248 270 1 9
A 392 218 1599 1062 10 7
A 1799 961 1101 194 6 15
A 1439 479 1710 160 6 3
A 851 262 524 336 7 2
A 7 574 771 648 5 1
A 989 748 1100 181 3 1
A 920 601 1282 701 8 8
A 328 1019 1339 958 2 5
A 913 583 19 597 2 5
A 139 918 552 431 9 8
A 944 148 937 1076 2 19
A 558 881 933 520 5 12
A 420 462 1163 912 2 15
A 1517 1006 150 568 5 1
A 1025 415 651 737 9 2
A 1166 103 182 63 2 3
A 154 649 784 119 1 18
A 392 142 660 227 5 13
A 1722 43 1760 904 4 16
A 157 669 643 681 7 2
A 603 892 257 417 8 8
A 1640 14 1238 376 4 0
A 934 645 734 986 4 1
A 172 67 1336 124 5 0
A 120 881 1409 883 5 15
A 677 109 940 926 7 7
A 1147 598 1773 457 5 7
A 89 460 1104 343 10 9
A 76 651 1437 213 6 13
A 353 647 866 322 3 1
A 1329 880 242 949 9 9
A 669 785 999 1002 3 14
A 741 491 986 286 8 5
A 1295 783 916 564 7 3
A 1757 621 650 576 4 13
A 1917 825 405 231 7 3
A 1832 275 1421 1032 1 3
A 1438 211 507 984 8 14
A 1370 465 1149 238 10 18
A 962 619 1079 644 6 15
A 649 464 200 934 6 6
A 1330 488 1634 951 1 4
A 1814 678 1427 641 5 17
A 1127 984 1062 349 6 11
A 1167 609 1022 446 4 17
A 1261 1063 1841 21 10 17
A 1148 79 617 622 1 17
A 998 925 647 25 9 1
A 1102 398 398 716 8 13
A 280 834 782 462 1 7
A 1840 22 1522 441 6 12
A 1050 343 591 219 8 2
A 556 27 499 115 6 17
A 1809 307 55 527 7 14
A 332 456 188 506 9 1
A 1813 598 1483 808 3 18
A 720 394 174 231 5 3
A 1845 442 303 1024 9 8
A 1162 927 1367 489 7 3
A 564 818 79 984 7 10
A 1725 601 1468 1040 10 12
A 391 809 1207 317 4 13
A 112 358 1535 895 4 5
A 1723 977 364 451 9 2
A 666 1054 1780 506 10 8
A 536 996 1170 676 8 19
A 641 268 1701 760 6 6
A 893 97 1276 980 6 11
A 1386 548 868 62 2 19
A 1505 1058 13 637 5 12
A 1806 892 649 576 1 18
A 147 161 1626 40 2 3
A 1198 606 12 675 8 17
A 86 565 938 707 8 9
A 26 452 579 151 1 15
A 1364 8 867 325 7 0
A 715 603 1861 901 7 15
A 1056 746 21 700 2 0
A 618 660 965 588 10 13
A 829 537 365 689 9 7
A 1864 4 1455 932 2 11
A 1664 76 467 45 10 15
A 52 225 41 306 7 15
A 1666 216 1627 592 5 6
A 625 913 755 142 5 3
A 742 579 840 637 4 1
A 141 647 758 600 5 19
A 1095 257 985 888 4 3
A 903 189 799 490 4 15
A 828 190 820 863 6 15
A 867 1067 466 147 7 9
A 100 517 1296 250 10 0
A 50 524 909 67 4 4
A 530 268 86 481 10 19
A 508 859 930 240 4 15
A 847 182 514 1073 10 10
A 1362 181 1280 370 3 9
A 663 594 146 724 2 11
A 1109 711 979 955 5 10
A 494 132 670 816 3 13
A 623 740 1255 57 6 16
A 940 400 1869 900 1 1
A 1361 225 255 547 1 16
A 1618 499 779 190 7 3
A 832 972 647 782 10 12
A 47 844 304 694 3 9
A 702 274 829 1012 5 12
A 1625 247 377 193 6 19
A 21 605 618 921 8 4
A 1196 660 757 636 5 18
A 1768 394 382 504 9 16
A 1893 463 1670 435 8 16
A 819 932 1636 1068 6 3
A 948 787 1580 6 1 8
A 23 608 980 1012 5 14
A 782 364 168 84 1 9
A 633 714 24 615 2 11
A 204 632 1463 160 1 1
A 783 368 120 683 8 12
A 1371 862 1212 671 5 9
A 918 728 893 358 5 14
A 1599 717 60 303 4 13
A 1554 209 985 970 10 5
A 1623 912 1846 55 6 13
A 1747 439 795 559 3 1
A 1208 812 1469 54 2 13
A 1440 730 1663 52 5 8
A 525 780 1157 302 1 6
A 1427 365 1478 633 1 5
A 678 847 616 865 10 19
A 166 567 731 187 4 14
A 773 973 1185 36 6 11
A 864 462 231 933 5 14
A 1859 624 299 449 8 0
A 626 728 1079 883 4 18
A 1394 792 878 85 2 11
A 300 424 1257 397 3 14
A 1288 108 457 199 2 1
A 845 852 405 1025 2 15
A 1857 360 943 48 4 8
A 1327 357 792 757 5 4
A 1400 126 500 857 4 5
A 1204 123 573 821 6 7
A 1442 560 1139 160 8 13
A 135 194 625 590 4 8
A 1670 362 777 175 2 3
A 739 591 730 391 2 5
A 256 245 889 1062 9 4
A 501 820 204 920 3 14
A 1185 259 160 122 2 15
A 790 104 1237 599 10 0
A 123 658 1132 133 2 13
A 1018 450 1010 579 3 8
A 943 573 840 660 6 13
A 1234 23 1464 194 6 6
A 342 328 1570 851 8 9
A 912 690 819 844 6 12
A 1489 386 982 331 6 14
A 719 109 1259 471 2 5
A 596 907 360 261 4 5
A 759 595 833 881 8 13
A 1042 919 1003 661 6 11
A 1545 956 1717 488 8 2
A 1414 198 143 274 10 16
A 11 906 483 251 10 17
A 1468 838 964 22 10 11
A 215 1 1762 970 5 9
A 21 279 985 170 10 12
A 85 14 1270 100 1 0
A 757 771 1638 272 5 17
A 641 802 1467 526 5 6
A 1489 551 1739 484 5 5
A 873 935 256 59 9 16
A 771 223 902 354 4 2
A 1086 480 513 316 6 7
A 953 546 169 732 3 6
A 1518 154 1889 489 9 3
A 1434 431 139 2 1 9
A 538 174 1332 960 1 15
A 1182 526 1648 967 3 13
A 1046 947 1491 968 10 16
A 154 669 790 963 1 8
A 167 416 1019 1018 9 2
A 1767 237 468 1051 10 8
A 178 1044 1506 506 2 0
A 1091 418 1839 183 9 10
A 99 572 1419 161 8 1
A 269 246 97 920 7 7
A 1454 375 1824 722 9 6
A 382 37 90 1048 4 13
A 1100 307 1671 59 3 1
A 1889 933 485 420 5 13
A 341 763 1531 790 6 0
A 938 490 387 954 5 6
A 1080 987 1243 322 8 6
A 376 728 1005 239 8 7
A 1001 269 852 526 10 6
A 1451 663 541 695 6 17
A 115 703 179 622 1 3
A 1228 1042 1530 191 6 18
A 170 1013 78 807 3 5
A 7 693 1734 19 3 16
A 526 743 79 339 9 4
A 1468 945 1860 807 1 2
A 1223 28 944 705 3 1
A 1855 374 1394 373 2 7
A 39 588 1172 685 1 16
A 333 638 232 532 8 2
A 1809 998 808 181 8 8
A 563 140 1428 187 7 0
A 1529 173 326 275 8 0
A 1722 1058 1240 487 6 0
A 1783 749 438 335 4 8
A 430 322 1206 278 4 3
A 718 706 1816 706 7 14
A 59 967 1027 745 3 6
A 77 197 1904 718 7 0
A 998 531 301 357 8 14
A 1397 817 1409 1043 8 4
A 558 725 323 694 4 9
A 820 42 376 888 1 10
A 1374 377 1079 631 6 15
A 1143 1006 967 964 6 6
A 370 832 955 459 8 2
A 1404 745 599 527 3 2
A 288 332 1217 896 3 9
A 1426 179 438 1058 1 6
A 653 385 1452 540 10 7
A 1278 511 1591 793 2 18
A 1627 687 955 306 7 19
A 161 286 432 290 3 16
A 1911 440 1575 189 9 17
A 1707 952 1682 39 5 3
A 78 363 175 1061 9 18
A 551 496 1697 547 5 3
A 766 347 429 830 8 3
A 299 380 1563 674 1 14
A 1012 837 1598 1006 10 2
A 430 819 917 845 2 6
A 775 152 1722 432 2 8
A 1407 490 576 28 3 5
A 71 171 1826 786 7 8
A 840 530 1537 998 7 6
A 113 278 1418 422 6 11
A 1408 570 915 242 5 7
A 231 241 777 199 10 9
A 1884 572 1541 230 10 19
A 698 271 1221 308 3 9
A 1754 295 1588 404 10 3
A 95 918 274 531 3 8
A 1410 1015 1862 387 5 3
A 188 699 536 1001 2 15
A 492 1012 958 153 1 0
A 23 186 1067 411 4 17
A 1066 558 407 140 2 19
A 681 571 1375 375 1 1
A 698 411 1592 34 3 14
A 1561 337 38 480 1 10
A 532 865 1056 640 9 19
A 737 535 30 904 8 11
A 1855 388 355 102 4 5
A 1596 374 636 668 9 1
A 1734 762 578 332 3 8
A 1442 574 366 211 7 14
A 1842 255 369 552 2 17
A 1296 847 577 811 2 13
A 1028 137 1107 345 7 15
A 1066 260 349 444 6 11
A 1144 579 838 1030 3 16
A 385 585 1572 866 10 3
A 1783 377 1042 433 9 4
A 806 57 441 593 5 19
A 900 860 1740 1010 7 17
A 1513 760 1568 543 4 11
A 1140 968 1488 1024 7 17
A 147 130 355 1070 6 15
A 1006 41 624 607 7 10
A 1607 438 302 459 1 18
A 248 666 1511 256 2 14
A 567 53 1254 255 8 0
A 345 505 322 332 8 17
A 419 533 558 444 3 16
A 1806 579 55 429 1 7
A 1547 798 113 1018 6 15
A 472 54 1128 286 1 6
A 1559 415 663 81 10 2
A 959 798 1427 789 5 19
A 1246 401 1811 933 1 1
A 500 209 632 606 9 7
A 1433 972 1853 641 2 3
A 439 530 290 614 2 9
A 1516 370 380 535 3 14
A 815 1070 815 458 4 17
A 1611 935 887 443 4 7
A 322 326 1159 616 9 2
A 131 919 772 414 5 16
A 1315 762 778 375 9 10
A 430 425 1800 397 6 15
A 235 86 771 762 3 4
A 949 724 343 60 3 11
A 183 144 1022 1067 1 16
A 163 785 1511 342 4 1
A 712 383 1898 1065 3 13
A 1500 639 1771 703 2 13
A 960 902 130 1063 6 2
A 1766 530 1118 748 8 8
A 1377 921 174 248 6 7
A 281 159 142 371 5 6
A 1224 677 706 227 1 19
A 1801 1020 602 491 4 9
A 1465 369 1239 64 1 16
A 1612 927 1829 218 8 4
A 577 0 956 471 2 0
A 898 627 1177 764 5 10
A 1783 967 210 697 9 6
A 1038 44 607 597 1 9
A 786 512 1916 1055 2 15
A 772 460 675 648 3 18
A 60 150 945 750 7 0
A 1260 1001 119 142 2 10
A 868 809 406 388 10 6
A 1857 385 1258 1006 3 1
A 1 284 1602 429 5 6
A 1707 985 508 373 6 6
A 365 475 1207 844 8 10
A 974 158 1052 772 9 11
A 318 587 1388 857 4 0
A 670 267 577 1064 7 1
A 702 475 86 970 1 13
A 1176 357 960 696 3 18
A 818 368 888 310 2 18
A 1673 851 1885 541 9 19
A 714 1051 386 931 8 14
A 504 50 1309 1063 1 2
A 356 389 1419 957 6 13
A 847 103 1662 407 7 15
A 1105 879 1606 230 2 7
A 1309 935 1470 7 9 17
A 473 442 1107 455 6 0
A 1877 542 949 656 2 14
A 510 58 1409 364 6 15
A 1471 490 295 1029 1 8
A 248 822 1803 998 2 13
A 1568 207 1095 515 3 1
A 235 499 255 584 8 6
A 1890 209 1204 772 4 1
A 1139 1076 1431 226 7 3
A 974 434 197 249 6 11
A 1862 353 1578 678 9 12
A 511 376 683 166 3 10
A 944 315 960 708 8 5
A 1889 66 1162 1032 4 0
A 1367 179 1046 485 10 11
A 1128 131 296 546 2 5
A 18 112 813 93 1 5
A 243 494 1600 115 5 19
A 1273 555 1906 27 8 11
A 1367 315 1050 725 3 11
A 1277 480 523 373 9 16
A 90 788 221 175 2 3
A 1101 996 858 893 3 4
A 813 337 560 311 5 19
A 1534 523 174 1024 9 18
A 456 965 1318 131 2 8
A 839 693 956 100 10 17
A 104 282 1874 234 6 18
A 1558 780 315 198 4 11
A 1738 937 1914 584 3 2
A 1903 970 1000 1053 4 3
A 382 852 376 370 6 17
A 648 681 319 1074 6 7
A 1764 545 1307 631 7 11
A 1422 786 1888 928 1 2
A 122 985 1564 274 2 9
A 1637 5 142 566 6 19
A 723 175 1400 795 2 15
A 1322 5 100 581 9 16
A 1284 730 1854 413 1 5
A 767 813 962 524 8 5
A 653 197 350 187 6 6
A 1386 30 1013 746 6 15
A 1733 467 812 506 2 1
A 854 885 1683 309 1 14
A 1246 858 659 768 5 6
A 626 347 1335 976 6 10
A 374 353 81 188 3 18
A 523 65 526 847 4 19
A 1808 818 644 972 10 15
A 1658 325 1225 637 6 19
A 575 151 1746 943 9 13
A 273 774 1419 226 3 11
A 765 397 1848 1043 6 12
A 82 285 342 606 10 1
A 381 267 338 886 7 3
A 717 632 607 896 6 7
A 1241 640 1781 980 8 4
A 1571 304 613 292 8 10
A 184 109 96 166 8 5
A 1139 841 45 277 8 1
A 1572 517 845 739 4 0
A 306 14 173 528 6 12
A 1104 518 736 869 1 3
A 1040 746 504 296 5 3
A 1273 123 1804 478 3 4
A 1412 525 1401 1057 5 14
A 1670 123 1868 43 4 3
A 955 187 614 243 7 4
A 1118 648 1683 774 5 7
A 1497 658 903 62 9 15
A 706 740 1820 307 9 17
A 113 948 1040 901 4 3
A 517 250 1622 1011 4 10
A 1227 291 1639 150 6 15
A 690 522 225 753 7 14
A 1208 202 294 29 2 4
A 1298 374 24 1018 9 7
A 301 585 177 1075 9 10
A 985 647 1433 456 9 18
A 1832 880 613 257 4 9
A 523 681 664 338 3 17
A 974 440 1524 999 9 12
A 686 791 1089 984 9 17
A 1046 1036 436 1032 3 6
A 770 556 1506 1015 5 19
A 1477 9 1901 813 8 15
A 1130 234 876 974 4 6
A 758 479 110 407 6 8
A 1036 1054 124 873 7 9
A 179 688 1805 606 5 11
A 1697 1013 101 230 7 0
A 306 796 1274 702 4 7
A 500 241 219 850 2 14
A 1131 117 320 775 3 6
A 1304 674 927 110 3 3
A 793 1049 276 174 1 2
A 135 986 370 329 1 5
A 1877 372 1647 656 4 0
A 882 786 349 123 2 12
A 1441 338 1038 568 1 10
A 1143 393 831 339 9 3
A 1113 935 1761 404 5 13
A 1089 13 1766 808 2 1
A 208 456 527 558 10 0
A 1162 812 138 1000 4 10
A 1262 596 4 405 9 4
A 229 601 411 550 6 15
A 496 527 1681 342 8 2
A 1883 456 1838 962 7 9
A 1002 840 454 893 1 7
A 1455 1054 375 371 10 3
A 1535 480 1425 618 4 2
A 134 559 1501 487 2 9
A 1149 736 157 700 1 15
A 341 644 915 795 8 15
A 574 585 561 590 7 12
A 1165 444 1533 62 3 16
A 565 1068 1195 978 6 8
A 1767 417 1616 1076 8 6
A 791 610 1550 26 7 0
A 853 412 1745 694 5 13
A 1259 720 1577 32 5 0
A 1860 731 828 1007 1 16
A 575 349 513 143 7 2
A 329 1017 1392 431 7 10
A 1583 569 683 320 7 9
A 254 115 1181 991 8 16
A 23 79 527 364 7 17
A 1780 1061 67 13 5 5
A 1027 205 1662 379 9 18
A 1122 412 380 725 3 16
A 1066 626 1863 1048 1 2
A 4 65 401 763 10 7
A 1801 641 1340 660 5 16
A 225 353 1293 919 4 1
A 370 655 773 150 3 18
A 218 518 556 513 9 6
A 1195 602 184 748 9 13
A 195 631 1015 207 2 1
A 1663 68 1175 796 8 0
A 1277 389 515 963 2 19
A 541 621 1429 857 5 8
A 1456 761 102 672 10 0
A 325 376 1131 972 4 2
A 706 558 1522 801 5 2
A 1013 1064 11 560 10 3
A 879 272 204 628 2 11
A 256 897 1492 479 2 14
A 971 567 1090 903 2 6
A 1525 437 1264 520 1 11
A 622 203 307 873 4 6
A 1528 674 790 1005 4 11
A 896 591 1241 700 3 2
A 1406 714 609 697 8 13
A 795 134 1130 251 5 1
A 1054 308 1116 281 3 0
A 679 190 1826 149 6 9
A 861 163 353 902 5 7
A 816 950 441 706 10 10
A 791 146 1217 121 9 3
A 554 132 252 111 7 14
A 783 725 656 809 8 12
A 1651 760 807 676 5 3
A 1723 910 1894 365 9 5
A 1207 1079 192 744 2 2
A 928 907 234 100 1 12
A 1766 1065 638 622 8 17
A 786 278 1297 34 5 11
A 1217 37 1821 823 5 10
A 1581 42 789 685 9 2
A 1267 746 722 773 9 12
A 1406 804 1110 236 10 17
A 533 285 1215 622 2 1
A 1893 81 510 1066 5 17
A 528 197 1051 950 3 9
A 1604 581 768 286 8 6
A 931 225 1571 241 2 10
A 458 626 1707 585 1 19
A 1546 133 1020 608 2 16
A 1145 280 1034 516 1 8
A 1746 546 1170 474 4 9
A 1712 796 454 515 8 7
A 1457 887 1413 645 3 13
A 16 970 138 548 9 1
A 1016 76 521 610 3 3
A 1431 290 1450 673 7 15
A 662 549 1631 396 7 0
A 1783 114 1267 428 2 19
A 913 1007 1901 323 8 19
A 924 763 1147 718 7 12
A 1373 877 1662 775 1 11
A 1850 892 552 833 1 8
A 1693 423 1114 792 2 5
A 891 196 1544 384 10 11
A 736 243 855 323 2 13
A 495 47 570 350 3 12
A 1321 265 1436 665 9 16
A 825 504 1091 380 7 14
A 445 860 1770 190 5 9
A 1593 1020 372 640 7 6
A 333 31 1733 775 4 15
A 487 846 60 843 2 11
A 311 897 575 562 10 3
A 456 634 1403 58 7 0
A 1747 242 1252 1032 3 0
A 438 496 84 363 4 17
A 30 671 824 803 7 7
A 1354 850 1056 121 5 5
A 296 893 552 620 2 0
A 612 179 1842 1016 2 17
A 1197 921 1765 681 7 8
A 178 346 91 754 10 18
A 1402 935 760 658 9 4
A 96 265 777 408 8 9
A 1880 769 1308 603 8 11
A 560 574 1864 757 8 0
A 65 586 958 997 3 0
A 427 94 1107 467 6 16
A 1791 121 621 649 2 18
A 1650 721 219 1030 7 8
A 421 908 1003 1077 6 10
A 737 163 1628 487 1 1
A 1027 619 1487 935 7 4
A 803 349 1617 224 1 18
A 1474 360 1052 5 1 0
A 1513 363 389 228 1 6
A 1631 969 649 731 8 1
A 84 196 1460 972 4 18
A 196 846 848 854 1 10
A 1184 376 751 788 4 13
A 629 559 577 530 8 9
A 1248 10 1779 1050 3 8
A 691 698 1864 584 1 0
A 1194 1019 1906 714 6 9
A 865 521 1185 1008 1 19
A 981 11 310 950 4 9
A 1280 941 1340 171 2 14
A 399 995 492 695 2 15
A 675 125 894 54 1 11
A 1343 17 32 848 6 14
A 1559 318 977 181 10 10
A 1751 381 1484 811 3 7
A 957 463 1582 241 1 5
A 1916 378 1471 642 3 3
A 1465 695 1232 1010 6 17
A 664 1047 1847 442 9 16
A 1224 99 1697 908 3 1
A 56 1011 1024 430 6 15
A 1416 761 1345 839 7 17
A 1694 813 784 526 4 19
A 135 808 118 902 3 19
A 299 298 230 428 8 5
A 150 415 1296 206 8 1
A 933 453 1735 598 5 3
A 1775 578 936 999 5 0
A 1271 39 1040 61 3 14
A 560 993 172 183 4 11
A 948 235 1778 76 3 16
A 1650 655 1861 625 5 6
A 20 509 844 468 2 9
A 1420 244 1620 412 6 2
A 1366 378 907 339 2 1
A 1462 69 156 1 6 10
A 577 115 406 990 3 0
A 1856 264 241 661 4 14
A 1882 345 50 382 9 16
A 1737 444 246 244 6 7
A 157 438 1228 786 2 5
A 1856 400 1361 942 1 5
A 1634 847 1870 68 1 15
A 1194 622 1380 885 5 10
A 1113 1053 407 159 9 2
A 598 847 1372 386 4 3
A 1271 10 1003 704 5 6
A 1102 1011 1673 804 2 13
A 879 817 1627 1051 5 11
A 1254 647 685 1061 9 15
A 923 428 782 128 7 8
A 1211 878 1090 527 5 14
A 1473 276 1477 18 1 8
A 1871 871 1918 370 6 12
A 1801 289 1140 318 1 10
A 5 105 439 60 4 5
A 668 477 1035 918 5 2
A 304 429 950 694 8 3
A 1794 870 854 832 1 1
A 845 633 1010 57 5 12
A 299 101 778 970 2 11
A 776 221 1128 963 2 4
A 77 708 145 188 3 4
A 1491 676 734 177 10 6
A 1499 434 1880 701 4 16
A 894 1022 1357 464 4 11
A 867 361 524 428 7 16
A 872 914 84 530 5 18
A 1354 425 954 49 5 3
A 447 165 369 1007 10 12
A 1895 433 547 365 10 12
A 916 796 973 600 5 1
A 568 409 1395 884 10 1
A 1042 253 1218 1037 5 13
A 1212 862 530 382 2 9
A 866 37 982 85 3 3
A 1657 350 140 222 3 16
A 1664 1031 805 891 6 4
A 1573 70 1510 631 8 4
A 996 519 258 87 4 0
A 876 432 1909 411 8 3
A 1794 375 845 366 8 7
A 1843 813 50 968 6 18
A 1145 750 1788 255 2 15
A 1331 810 46 262 8 0
A 1534 813 1372 435 7 1
A 330 251 1776 335 10 6
A 1402 772 779 125 4 16
A 1723 838 946 991 6 0
A 878 728 1330 1036 3 7
A 1008 356 752 212 2 9
A 54 1001 292 382 7 1
A 228 1051 1066 160 9 19
A 956 851 269 1055 5 6
A 495 784 986 25 1 9
A 1532 69 1605 716 2 9
A 1717 1047 862 449 1 19
A 743 330 362 361 1 2
A 1712 839 1413 893 5 19
A 919 949 183 937 7 15
A 386 90 256 424 7 10
A 53 724 137 75 6 19
A 1786 460 1530 1060 2 0
A 1022 373 1771 747 7 5
A 1578 737 1126 433 6 4
A 1221 133 14 757 8 13
A 559 962 577 217 1 14
A 1288 888 1475 58 2 16
A 151 923 382 122 4 0
A 180 713 1658 826 8 5
A 983 88 1778 277 8 8
A 1330 77 1842 459 7 12
A 514 614 1481 549 6 2
A 77 576 1697 339 9 12
A 1020 158 1066 150 8 5
A 1067 760 485 557 8 2
A 1685 80 671 168 10 9
A 1352 1045 4 545 5 1
A 7 232 397 617 4 15
A 121 255 1254 347 8 3
A 264 384 1663 629 3 12
A 24 939 492 687 10 4
A 1157 404 629 793 10 16
A 1094 1069 1240 891 7 3
A 306 1079 1691 112 8 8
A 415 483 1393 990 6 7
A 1403 769 1218 927 7 10
A 1111 925 1154 293 9 3
A 1549 652 52 501 4 10
A 1824 1002 1850 27 7 9
A 556 322 264 621 3 9
A 300 187 210 798 6 19
A 940 778 424 294 2 3
A 1670 812 987 154 4 3
A 1525 370 45 367 8 11
A 268 105 385 292 7 10
A 694 426 557 304 8 12
A 1603 837 763 1068 5 14
A 1163 514 839 830 9 4
A 593 505 1546 630 5 16
A 1414 884 1681 359 8 0
A 1441 551 298 679 8 15
A 1143 771 1145 106 2 9
A 13 1074 855 724 7 15
A 940 90 933 679 1 17
A 815 206 1362 208 7 11
A 1288 799 1514 27 9 1
A 814 94 1804 631 3 7
A 972 557 981 147 2 18
A 1895 294 200 788 4 12
A 1857 708 399 91 9 17
A 1302 397 1036 408 7 7
A 602 142 321 366 5 13
A 274 906 351 527 7 4
A 1357 421 478 957 2 11
A 62 898 1191 581 3 0
A 458 116 809 646 6 17
A 1473 527 1479 474 6 5
A 140 71 1712 123 2 10
A 1139 988 403 410 9 4
A 61 800 694 405 4 16
A 1545 863 473 1026 10 10
A 1043 95 1389 722 2 14
A 688 1053 58 472 7 1
A 1294 988 309 497 9 19
A 293 139 871 19 7 16
A 728 753 571 841 10 1
A 743 654 968 812 8 9
A 1758 17 423 8 2 11
A 1129 687 1499 231 5 17
A 1870 29 869 814 9 5
A 290 536 1919 502 10 10
A 1855 552 25 775 7 14
A 1464 235 683 559 4 4
A 231 525 1851 882 7 7
A 1860 338 1856 809 3 16
A 1366 955 633 405 10 2
A 728 776 1107 33 4 3
A 1787 727 410 310 10 6
A 1106 782 91 189 5 7
A 1528 164 1297 376 6 2
A 1192 1012 37 145 10 18
A 340 577 86 367 3 9
A 1262 581 908 713 4 7
A 399 181 801 610 1 6
A 1209 330 230 106 7 8
A 1108 699 152 657 7 1
A 1047 1056 931 533 6 13
A 1794 998 1507 543 4 10
A 1522 414 1852 164 5 14
A 822 905 505 204 2 3
A 1392 1032 454 824 10 11
A 698 817 1619 549 3 7
A 994 137 1137 341 3 0
A 684 874 1694 136 1 10
A 902 292 615 799 8 18
A 1163 81 850 897 7 0
A 500 764 1309 432 6 11
A 1779 619 988 396 4 0
A 1188 69 1327 954 6 9
A 424 507 594 791 8 3
A 961 302 84 732 2 2
A 384 604 786 733 7 3
A 984 527 295 765 4 8
A 1217 311 597 856 6 14
A 86 721 1413 1032 5 12
A 1155 1025 1094 31 8 18
T 174 461 3
T 832 346 11
T 876 603 28
T 1171 288 21
T 251 545 24
T 720 554 21
T 1146 40 14
T 639 224 18
T 224 59 23
T 1318 322 3
