A 1552 761 1485 906 9 2
A 1811 307 1536 931 80 1
A 368 109 836 44 5 9
A 112 758 777 444 7 17
A 675 759 117 543 2 4
A 265 693 1045 550 2 15
A 1384 634 54 641 7 9
A 74 6 558 910 3 5
A 1192 514 123 761 1 11
A 1278 305 1111 556 9 12
A 712 506 817 669 9 0
A 65 513 515 479 7 1
A 808 260 1599 279 3 14
A 964 674 1428 1079 6 11
A 1310 434 36 621 3 17
A 1585 606 63 842 6 11
A 243 732 1016 38 3 2
A 1631 572 1334 462 4 17
A 1616 959 643 45 9 11
A 1456 349 217 284 3 19
A 321 508 477 256 1 12
A 1000 625 677 816 6 1
A 211 718 1733 1065 2 9
A 914 869 768 118 5 7
A 1349 1042 28 606 10 10
A 1557 72 1138 954 10 1
A 658 841 818 255 8 6
A 216 540 1584 742 7 17
A 1503 240 27 1071 3 13
A 990 619 1616 770 8 7
A 553 6 1439 723 3 0
A 564 43 921 655 9 11
A 681 627 1551 945 2 9
A 1175 1064 382 482 8 12
A 1295 1070 624 983 1 1
A 1270 713 760 782 8 12
A 1214 193 1035 688 1 6
A 1219 441 505 122 30 18
A 144 394 1114 1006 7 1
A 1250 971 823 74 8 4
A 1788 217 1809 988 2 18
A 172 1006 1152 480 5 4
A 846 865 26 623 10 17
A 321 43 1191 955 2 19
A 948 972 1342 212 7 9
A 828 1034 27 1077 5 10
A 956 267 216 1020 8 10
A 1204 985 1095 982 9 15
A 99 361 430 82 9 12
A 1781 1056 164 604 9 2
A 165 1016 669 904 7 3
A 1435 154 550 571 7 9
A 674 682 1434 329 6 14
A 1436 1036 1835 659 2 15
A 1411 12 232 247 9 12
A 9 646 1901 78 1 7
A 242 705 773 784 10 19
A 1106 23 1541 380 5 18
A 47 93 1467 914 3 18
A 1290 603 1502 562 1 11
A 126 611 1669 347 1 19
A 6 564 1517 1019 1 6
A 310 166 889 404 10 5
A 362 938 1558 981 3 10
A 1399 982 873 142 7 15
A 1525 103 407 194 3 9
A 165 209 1165 842 1 5
A 1588 443 504 69 8 15
A 1895 481 1853 1045 4 5
A 956 822 240 981 7 16
A 1377 193 911 1056 8 14
A 1297 785 1675 62 8 7
A 1719 568 90 415 10 17
A 370 956 451 423 3 14
A 1729 438 88 41 10 5
A 497 628 518 441 7 18
A 587 573 963 1054 8 2
A 941 59 510 304 5 12
A 33 117 48 244 1 10
A 118 821 1408 559 3 0
A 1604 512 440 194 6 17
A 604 92 1362 119 7 2
A 422 639 113 564 4 7
A 1096 977 1176 185 2 9
A 307 132 722 268 2 5
A 928 7 289 168 4 14
A 597 198 1198 632 10 16
A 1774 723 95 687 1 19
A 426 568 1648 635 4 9
A 1624 453 353 906 2 4
A 1643 1049 811 844 10 17
A 270 599 1067 748 2 16
A 1644 357 1132 900 7 12
A 611 374 100 699 10 6
A 1408 945 459 194 3 0
A 1478 735 1261 362 1 2
A 1839 170 181 986 2 4
A 1042 35 913 6 8 1
A 1218 938 1476 119 8 17
A 1317 398 1023 216 3 15
T 188 982 3
T 1449 264 15
T 783 183 28
T 837 321 9
T 1521 996 6
