A 260 276 640 57 8 6
A 433 836 164 450 9 16
A 26 588 1382 655 8 16
A 1654 803 816 1047 2 10
A 586 952 1313 796 1 12
A 333 122 989 973 10 16
A 1872 852 105 116 5 15
A 485 361 504 1027 9 11
A 1643 262 1147 659 3 8
A 1821 928 252 847 6 15
A 239 130 717 148 5 9
A 377 336 1013 602 5 8
A 29 921 989 645 9 17
A 157 464 931 1056 6 5
A 476 417 986 968 5 11
A 123 775 1393 473 5 17
A 402 573 65 695 8 2
A 1315 116 943 496 3 4
A 325 671 1668 177 8 3
A 2 643 792 508 4 8
A 1051 767 184 877 3 0
A 126 434 473 912 2 0
A 326 389 1748 181 6 10
A 665 11 181 645 1 0
A 541 414 1215 613 6 19
A 1702 278 338 678 6 10
A 938 802 1156 83 7 9
A 1483 952 378 831 4 4
A 1174 351 1627 267 7 7
A 728 337 1621 615 4 16
A 1506 477 295 44 6 10
A 1366 53 812 1074 7 18
A 584 651 1782 714 5 8
A 1738 848 139 597 9 15
A 1084 156 145 898 4 8
A 1026 950 837 961 7 12
A 1684 65 1797 328 10 5
A 1519 875 1728 1021 1 2
A 1049 80 923 580 9 11
A 36 794 379 893 3 2
A 653 439 1604 530 3 11
A 354 796 1456 463 8 7
A 228 708 1903 988 2 13
A 710 3 453 425 4 11
A 1728 611 366 787 5 10
A 362 357 1529 406 10 14
A 957 393 110 485 7 19
A 793 716 487 776 5 9
A 1021 367 52 34 3 15
A 1278 473 647 676 1 3
A 798 534 1781 768 2 12
A 1282 930 886 424 9 14
A 676 761 651 443 10 7
A 1804 630 914 1008 7 19
A 204 6 612 963 5 4
A 1418 993 599 1039 4 12
A 1284 147 1614 482 4 2
A 1736 999 1015 819 6 4
A 1599 471 1606 713 1 15
A 364 116 1173 488 10 8
A 185 937 1881 1016 10 6
A 388 845 1133 1034 8 16
A 1897 423 648 24 6 15
A 1729 554 746 87 10 6
A 1014 1016 422 268 5 13
A 436 601 863 269 8 12
A 175 557 549 460 3 16
A 708 969 1451 396 4 6
A 191 194 480 450 5 12
A 1356 920 228 579 9 4
A 752 536 46 527 8 3
A 1551 132 1621 660 5 5
A 1336 213 1166 628 2 11
A 1034 65 178 667 6 12
A 599 663 412 339 3 13
A 743 787 329 549 5 7
A 1365 946 1011 218 9 16
A 1383 535 841 509 4 14
A 1332 29 1851 790 7 6
A 402 807 270 207 9 4
A 840 442 3 681 4 10
A 1688 1020 1048 892 9 6
A 1160 693 1501 553 5 16
A 307 367 46 479 8 14
A 557 232 694 699 2 12
A 396 191 1906 151 5 10
A 21 513 662 341 8 1
A 1420 517 1866 753 1 13
A 170 49 900 1048 9 9
A 94 478 593 1028 8 4
A 693 13 727 79 6 12
A 1281 1018 1377 264 3 14
A 1557 252 163 1015 6 13
A 108 927 322 760 8 3
A 1362 142 1441 875 3 18
A 1172 655 944 1059 8 1
A 1083 320 1151 300 5 3
A 666 453 715 1069 10 13
A 854 129 1312 689 1 12
A 1652 1052 174 1045 10 8
A 55 331 1016 159 4 3
A 52 426 1223 484 10 0
A 1427 537 1885 95 10 14
A 0 765 1204 352 5 6
A 24 578 1450 310 4 9
A 319 599 333 247 1 16
A 1622 803 1174 85 8 5
A 677 1026 623 635 2 14
A 149 881 819 385 7 14
A 783 762 1524 553 6 8
A 1515 176 139 408 4 1
A 1036 5 604 642 3 3
A 1688 32 990 983 8 11
A 557 688 945 288 7 3
A 1722 169 1117 839 4 2
A 1107 1038 1518 878 9 13
A 439 1026 258 676 9 13
A 39 708 845 1021 4 4
A 1805 440 1112 350 10 18
A 825 1003 668 862 3 3
A 285 781 973 835 2 11
A 1689 763 1637 139 10 17
A 944 270 1126 821 5 9
A 645 689 1082 550 10 3
A 208 416 1718 508 9 13
A 1643 843 1694 576 2 18
A 1419 352 1101 48 4 12
A 1546 108 514 504 2 18
A 425 847 1527 1019 10 18
A 1022 29 814 813 1 13
A 1846 253 1128 292 3 11
A 750 321 623 163 1 7
A 1615 948 247 322 5 8
A 200 1029 687 400 2 8
A 1398 303 1018 885 9 8
A 98 314 473 18 8 15
A 1130 877 417 545 4 19
A 692 608 1119 1051 3 3
A 1852 523 944 131 4 5
A 280 393 881 338 9 9
A 198 768 1104 671 8 3
A 1367 469 892 696 5 5
A 755 139 606 1034 1 8
A 1797 162 123 933 5 6
A 199 206 472 480 5 10
A 189 614 471 565 6 10
A 1788 612 1719 281 9 13
A 1726 735 104 404 2 15
A 613 78 609 976 5 15
A 335 603 133 687 6 17
A 269 176 811 492 3 9
A 1142 842 173 101 6 14
A 1507 314 1129 651 9 11
A 18 491 321 260 1 5
A 1627 715 720 441 5 7
A 150 335 1364 834 9 18
A 643 890 172 88 5 8
A 962 451 1842 764 5 12
A 1855 513 276 8 6 16
A 1446 712 1003 726 6 17
A 1066 328 1644 150 3 12
A 1280 237 955 612 6 19
A 1532 1040 830 854 5 16
A 1119 299 1229 795 10 6
A 971 65 51 174 5 16
A 1243 410 76 247 3 18
A 1632 752 387 659 5 5
A 678 129 1505 540 4 9
A 416 174 1560 198 10 19
A 1344 980 1077 315 7 1
A 1384 581 1423 620 2 15
A 411 645 1039 190 5 15
A 1135 1022 484 1072 3 0
A 1261 170 1394 653 9 4
A 1305 153 1296 1062 1 15
A 155 1004 1216 370 8 17
A 1145 100 1594 496 1 18
A 131 1058 1520 608 1 14
A 868 144 1205 1062 8 5
A 178 774 1590 755 7 11
A 190 303 1607 78 4 16
A 1868 730 196 822 7 19
A 841 750 1417 673 9 19
A 1340 1026 203 137 1 13
A 1222 579 927 893 5 16
A 776 1036 1859 815 7 13
A 1032 934 975 620 8 2
A 1211 1030 1512 468 6 10
A 1848 635 1848 843 3 8
A 1836 787 1867 956 3 13
A 1072 528 981 883 6 8
A 1728 199 614 184 3 3
A 106 103 25 410 5 1
A 1712 732 196 1040 8 1
A 1360 276 1748 820 3 0
A 525 496 940 1027 10 7
A 1307 468 307 113 3 11
A 797 150 1814 822 3 18
A 263 464 1782 1052 7 10
A 1653 216 1346 393 9 18
A 325 594 1154 1017 4 5
A 284 992 1433 583 6 17
A 854 942 1019 629 8 11
A 727 572 1307 110 5 15
A 212 989 1804 358 3 12
A 1248 859 786 834 7 11
A 1679 841 263 945 5 9
A 1214 359 1463 434 9 0
A 1517 27 1273 657 10 9
A 1652 813 1359 328 2 13
A 1481 131 113 339 8 9
A 923 349 1622 706 5 7
A 755 1060 1358 899 7 18
A 511 1076 205 584 4 7
A 354 497 660 145 9 4
A 1198 979 1595 463 1 5
A 885 73 1814 1067 3 0
A 626 687 1040 784 9 7
A 1442 770 1323 320 7 8
A 887 492 57 819 8 15
A 963 628 646 751 2 9
A 416 48 1902 782 9 14
A 1002 1014 1194 722 2 4
A 1441 1065 174 4 6 13
A 644 584 1285 702 7 3
A 249 79 1231 56 3 14
A 685 150 1275 1019 3 3
A 1646 614 37 912 8 0
A 196 738 486 963 6 3
A 796 771 160 281 6 16
A 1716 515 427 299 4 10
A 814 880 920 169 10 13
A 1472 1017 1147 1021 10 16
A 1882 206 1887 920 10 2
A 263 157 385 535 9 11
A 171 107 798 1079 7 1
A 41 500 1761 121 2 12
A 1366 565 1910 714 10 19
A 302 213 1517 629 4 18
A 1083 1028 555 149 5 6
A 1872 55 253 510 7 11
A 791 927 184 864 2 5
A 428 967 563 898 4 2
A 1010 56 915 1079 8 0
A 1118 921 1748 105 1 12
A 3 62 1560 736 5 18
A 1028 627 606 12 2 7
A 849 359 806 924 1 0
A 186 332 1688 853 2 5
A 125 729 398 666 8 8
A 370 470 1162 370 10 18
A 1009 907 1865 167 2 16
A 486 912 828 332 8 18
A 404 575 1810 412 2 1
A 610 1058 1783 528 5 2
A 789 55 1872 143 8 11
A 1022 346 1330 127 6 13
A 116 511 866 224 5 15
A 1694 880 1702 984 6 15
A 837 455 574 692 6 18
A 414 324 1513 727 1 3
A 430 522 1549 81 10 15
A 1346 645 38 164 2 14
A 1419 35 1875 474 10 0
A 229 529 847 803 2 2
A 702 308 1059 527 8 19
A 1130 137 841 272 1 2
A 159 117 1520 437 2 1
A 1912 853 137 59 8 8
A 1899 356 357 1058 1 11
A 1320 294 799 99 4 6
A 1730 624 515 771 9 6
A 1646 687 1435 286 7 16
A 267 740 1481 524 10 8
A 1065 50 1485 822 9 17
A 1665 21 1851 776 3 16
A 1754 643 160 470 7 0
A 1548 772 767 703 9 16
A 851 366 1536 773 3 8
A 693 27 1530 850 3 11
A 1447 107 252 890 5 16
A 1627 358 639 99 1 6
A 60 1048 1738 99 4 9
A 1727 675 1355 616 1 9
A 904 693 937 746 7 11
A 617 223 1870 621 7 14
A 1218 565 1425 169 5 17
A 1007 1076 886 106 7 1
A 255 623 648 522 10 8
A 1071 815 734 800 5 10
A 1491 731 1045 602 6 11
A 228 155 916 325 5 13
A 1843 732 1569 801 1 17
A 1022 237 1313 951 10 4
A 991 982 232 277 6 6
A 1699 618 1189 1065 1 6
A 1888 1 1241 397 9 18
A 882 481 962 1003 3 4
A 1813 857 1421 726 9 12
A 1462 31 26 126 10 1
A 112 560 860 574 8 12
A 1780 378 153 374 6 12
A 484 89 345 246 3 0
A 590 25 797 683 4 17
A 1047 38 588 233 5 9
A 1795 149 250 15 4 19
A 999 695 797 313 2 12
A 417 705 1533 514 4 6
A 694 565 1803 531 9 19
A 600 135 1617 349 2 13
A 630 956 122 992 4 17
A 332 402 565 889 8 6
A 1854 1004 1124 27 2 7
A 245 765 1425 849 10 13
A 20 449 1241 77 9 2
A 530 341 30 285 4 13
A 874 697 907 239 8 15
A 1018 73 1411 342 1 2
A 241 1066 328 226 8 17
A 492 7 1346 765 7 17
A 319 1078 1750 589 4 15
A 254 198 653 321 10 12
A 256 607 1825 580 2 5
A 142 103 223 942 2 10
A 1711 565 809 410 1 5
A 1219 449 1124 801 9 19
A 996 212 1717 809 7 19
A 41 174 1066 906 5 0
A 784 169 1863 647 4 16
A 490 407 582 819 8 12
A 1105 828 1402 781 10 12
A 1100 465 1317 658 8 3
A 757 940 97 135 8 4
A 95 703 53 990 1 8
A 887 152 115 861 3 4
A 1085 269 904 319 1 13
A 1672 590 1911 821 1 10
A 1584 69 1110 233 8 9
A 597 292 772 882 6 15
A 1671 114 1547 938 6 11
A 1623 260 372 7 3 2
A 1453 1044 1765 4 8 5
A 54 801 667 796 7 4
A 626 776 1508 910 9 3
A 265 321 977 725 1 4
A 1068 355 877 361 3 9
A 1063 135 445 180 2 2
A 1746 417 1055 845 5 1
A 509 752 937 817 3 8
A 833 360 1829 370 8 1
A 275 105 1396 784 7 11
A 913 442 1286 38 3 10
A 1380 560 1219 395 6 5
A 188 354 1857 1006 5 12
A 1674 437 1704 15 10 1
A 337 946 366 525 1 5
A 236 963 1867 555 4 1
A 765 85 1722 416 3 7
A 202 61 594 251 10 10
A 635 453 747 899 1 6
A 920 677 1405 559 4 15
A 784 711 1331 3 7 4
A 1524 231 122 1078 9 14
A 118 722 1127 712 4 6
A 774 521 231 321 1 12
A 539 53 161 616 3 16
A 872 788 1828 883 4 14
A 1279 859 1398 1041 9 18
A 908 496 1552 1075 1 5
A 1814 774 518 365 8 19
A 89 898 1752 723 6 16
A 39 587 736 1019 3 19
A 986 693 1058 936 8 8
A 1774 835 1196 326 3 16
A 1163 476 1602 362 5 1
A 1333 315 220 805 9 7
A 33 358 1706 769 10 0
A 8 195 1813 338 2 0
A 919 977 767 435 6 2
A 1144 771 370 1058 4 16
A 380 418 1872 1072 6 10
A 999 768 1700 897 10 10
A 1777 929 17 470 8 1
A 1483 18 1638 802 5 6
A 1784 390 817 947 9 2
A 1183 20 1760 175 3 7
A 86 163 255 458 1 4
A 168 317 73 658 1 12
A 1919 815 391 669 8 17
A 235 634 987 564 2 7
A 1546 596 408 58 5 12
A 1225 370 1896 872 9 8
A 616 749 1586 441 8 18
A 334 78 1733 717 8 2
A 1674 15 1456 613 10 9
A 160 798 138 1040 9 2
A 133 514 184 1061 7 4
A 769 75 1753 907 9 12
A 137 122 1430 70 2 18
A 1485 345 393 293 1 4
A 203 503 682 821 6 11
A 395 468 117 699 2 15
A 503 3 2 809 3 11
A 1801 800 1833 472 3 17
A 122 427 594 875 2 5
A 1111 556 368 474 10 3
A 1517 564 804 786 6 17
A 1321 678 1720 604 8 3
A 155 1009 63 420 4 17
A 1277 875 1465 72 3 18
A 289 213 454 409 10 15
A 984 636 339 948 3 14
A 618 576 104 778 3 4
A 1113 127 673 688 10 18
A 46 969 1693 1023 4 15
A 321 722 880 1007 2 0
A 654 187 268 393 7 3
A 1859 186 1539 155 5 11
A 1259 990 790 724 9 1
A 942 276 842 587 10 15
A 1254 532 189 335 2 12
A 1055 145 1740 843 1 8
A 478 821 534 937 8 10
A 1120 1028 1640 702 4 11
A 104 775 1907 346 6 19
A 294 329 1083 603 5 15
A 1916 511 352 408 6 15
A 1476 993 1816 930 4 5
A 1580 875 214 933 9 7
A 44 114 454 391 3 9
A 342 266 1891 946 3 15
A 1753 10 307 785 9 14
A 1172 454 599 589 7 14
A 1454 548 510 340 2 0
A 1339 925 986 234 10 18
A 1315 331 1577 566 8 11
A 1794 142 1121 61 1 11
A 1227 1012 1257 146 2 13
A 1821 48 533 643 1 15
A 1043 520 1732 349 7 1
A 219 373 1333 356 3 2
A 1099 806 1785 300 10 5
A 623 166 1437 80 5 11
A 65 77 1631 239 1 11
A 686 1043 1811 978 5 9
A 1860 764 43 905 3 15
A 1699 404 1781 4 7 12
A 541 360 630 651 3 14
A 802 18 292 625 10 12
A 476 327 1208 480 6 4
A 1469 37 1300 192 5 5
A 1399 594 289 652 1 5
A 764 884 1345 194 6 18
A 881 529 708 453 5 9
A 377 1022 1636 497 3 13
A 682 804 1883 662 7 9
A 1139 476 43 228 9 6
A 974 1045 1270 271 2 17
A 1201 792 1526 109 6 12
A 690 775 1654 38 3 9
A 1172 506 113 167 2 1
A 1056 140 369 732 2 10
A 398 15 1215 580 9 6
A 617 160 351 1055 2 16
A 359 952 1043 685 1 8
A 1074 1074 1614 1059 2 7
A 1561 970 1828 850 3 9
A 1252 180 996 1027 1 14
A 826 889 706 817 7 8
A 725 375 112 809 3 2
A 1669 799 1809 1003 9 2
A 531 531 1732 791 5 14
A 212 1066 1214 240 5 6
A 1266 152 567 53 2 15
A 1141 6 830 53 8 15
A 667 196 154 668 3 12
A 1671 755 264 643 7 18
A 838 550 776 4 1 2
A 523 856 494 490 10 15
A 1546 602 1814 808 8 1
A 1243 827 1130 797 6 2
A 1722 46 1277 898 3 15
A 1688 1040 357 424 5 7
A 767 847 1155 653 1 17
A 1029 836 371 203 7 19
A 536 352 1598 586 2 13
A 1580 343 132 929 4 14
A 1456 753 46 733 9 2
A 912 137 1202 748 3 12
A 1237 251 720 648 7 8
A 339 135 1380 977 4 2
A 943 254 1657 235 4 11
A 1641 120 996 727 6 6
A 961 318 1703 723 9 6
A 495 615 329 607 6 8
A 556 275 1855 728 3 8
A 610 755 894 1068 3 18
A 831 103 750 747 3 7
A 1834 824 585 49 8 15
A 7 715 690 89 5 6
T 969 542 2
T 904 191 16
T 1552 801 22
T 399 1021 6
T 557 164 20
T 1179 912 24
T 366 818 30
T 824 19 10
T 779 387 27
T 1342 476 21
